SN:0541
MN:ACG
DATE:9/21/2007
LENGTH:18
WIDTH:18
XOFFSET:0.000000
YOFFSET:0.000000
ZOFFSET:0.633799
COEFFROW1:0.1857718,-0.1510818,0.2560428,-0.2383812,0.3552629,-11.8969181,11.8100539,0.3578005
COEFFROW2:-0.7145054,-0.3994613,0.1534758,0.4526560,11.5410966,-0.1482715,0.1471889,11.6235325
COEFFROW3:-24.0784063,-24.5258619,-24.1982515,-24.2939251,-0.3326175,-0.0151676,0.1636783,0.1749859
COEFFROW4:173.1750103,175.2073443,-171.8125152,-174.1176904,0.0000000,0.0000000,0.0000000,0.0000000
COEFFROW5:180.4522012,-181.6292807,180.1535382,-180.2768301,0.0000000,0.0000000,0.0000000,0.0000000
COEFFROW6:-1.7264629,-1.7585462,-1.7350560,-1.7419159,122.2642180,-122.6549011,-121.7593482,-123.1375287
