SN:0562
MN:ACG
DATE:9/19/2007
LENGTH:18
WIDTH:18
XOFFSET:0.000000
YOFFSET:0.000000
ZOFFSET:0.861183
COEFFROW1:0.3119342,-0.3027807,0.4253523,-0.0834534,0.3247007,-11.6861478,11.6962775,0.3193138
COEFFROW2:-0.7610162,-0.3878758,0.6419344,0.6092338,11.7931326,0.0639227,-0.0639781,11.5974797
COEFFROW3:-23.8892571,-23.6714047,-24.3150895,-23.5307501,-0.3019417,-0.0247871,-0.0251555,-0.0965701
COEFFROW4:173.2423527,170.3111340,-170.8479385,-167.1206904,0.0000000,0.0000000,0.0000000,0.0000000
COEFFROW5:179.1098509,-173.5546663,181.7210017,-174.9241195,0.0000000,0.0000000,0.0000000,0.0000000
COEFFROW6:-1.5781653,-1.5637736,-1.6062965,-1.5544817,122.4718391,-120.9667541,-121.0716099,-120.4399804
