SN:0541
MN:ACG
DATE:9/21/2007
LENGTH:18
WIDTH:18
XOFFSET:0.000000
YOFFSET:0.000000
ZOFFSET:0.624620
COEFFROW1:0.0287144,0.0002713,0.0013272,-0.0288739,0.0007525,-0.0012473,0.0307341,-0.0004953,0.0008956,-0.0272636,-0.0019098,-0.0006437
COEFFROW2:-0.0010515,0.0276039,0.0008894,-0.0004197,0.0281435,0.0019977,0.0020554,-0.0285889,-0.0036694,-0.0003795,-0.0286383,-0.0018138
COEFFROW3:-0.0010585,-0.0023492,-0.1174270,-0.0030068,0.0003348,-0.1181972,-0.0023399,0.0006761,-0.1174680,-0.0024667,-0.0014423,-0.1191266
COEFFROW4:0.0000000,0.0000000,-0.8338708,0.0000000,0.0000000,-0.8458372,0.0000000,0.0000000,0.8469906,0.0000000,0.0000000,0.8496914
COEFFROW5:0.0000000,0.0000000,0.8746915,0.0000000,0.0000000,-0.8770400,0.0000000,0.0000000,0.8798970,0.0000000,0.0000000,-0.8799899
COEFFROW6:-0.2978483,0.2924838,-0.0083079,0.2995030,-0.2982009,-0.0083624,0.3187987,-0.3029206,-0.0083108,-0.2827996,0.3034446,-0.0084282
