SN:0562
MN:ACG
DATE:9/19/2007
LENGTH:18
WIDTH:18
XOFFSET:0.000000
YOFFSET:0.000000
ZOFFSET:0.853666
COEFFROW1:0.0297217,0.0000087,0.0022865,-0.0277213,0.0007799,-0.0006416,0.0295617,-0.0002577,0.0016411,-0.0275360,-0.0017576,-0.0014291
COEFFROW2:-0.0005896,0.0288408,0.0032505,-0.0000725,0.0287153,0.0029351,0.0004646,-0.0287738,-0.0038579,0.0003208,-0.0280881,-0.0017891
COEFFROW3:-0.0027732,-0.0034101,-0.1182515,-0.0021946,-0.0025033,-0.1150848,-0.0028555,-0.0005753,-0.1164487,-0.0029368,-0.0017091,-0.1158570
COEFFROW4:0.0000000,0.0000000,-0.8296187,0.0000000,0.0000000,-0.8184737,0.0000000,0.0000000,0.8455995,0.0000000,0.0000000,0.8333830
COEFFROW5:0.0000000,0.0000000,0.8828313,0.0000000,0.0000000,-0.8557023,0.0000000,0.0000000,0.8726711,0.0000000,0.0000000,-0.8488740
COEFFROW6:-0.3085009,0.2993395,-0.0083726,0.2877381,-0.2980373,-0.0081484,0.3068403,-0.2986436,-0.0082449,-0.2858145,0.2915270,-0.0082030
